1.000000000000000000e+09,1.000000000000000000e+00,2.000000000000000000e+00,3.000000000000000000e+00,-3.683984000000000236e+01,8.116405000000000314e+01
2.000000000000000000e+09,1.000000000000000000e+00,2.000000000000000000e+00,3.000000000000000000e+00,-2.888964999999999961e+01,-1.117627000000000059e+01
3.000000000000000000e+09,1.000000000000000000e+00,2.000000000000000000e+00,3.000000000000000000e+00,-2.416210999999999842e+01,3.951953000000000316e+01
1.000000000000000000e+09,1.000000000000000000e+00,2.000000000000000000e+00,3.000000000000000000e+00,-3.699804000000000315e+01,8.109766000000000474e+01
2.000000000000000000e+09,1.000000000000000000e+00,2.000000000000000000e+00,3.000000000000000000e+00,-2.887207000000000079e+01,-1.138184000000000040e+01
3.000000000000000000e+09,1.000000000000000000e+00,2.000000000000000000e+00,3.000000000000000000e+00,-2.414257999999999882e+01,3.935155999999999921e+01
1.000000000000000000e+09,1.000000000000000000e+00,2.000000000000000000e+00,3.000000000000000000e+00,-3.696289000000000158e+01,8.081248999999999683e+01
2.000000000000000000e+09,1.000000000000000000e+00,2.000000000000000000e+00,3.000000000000000000e+00,-2.885350999999999999e+01,-1.154149999999999920e+01
3.000000000000000000e+09,1.000000000000000000e+00,2.000000000000000000e+00,3.000000000000000000e+00,-2.412303999999999959e+01,3.970703000000000316e+01
1.000000000000000000e+09,1.000000000000000000e+00,2.000000000000000000e+00,3.000000000000000000e+00,-3.685350999999999999e+01,8.017578000000000316e+01
2.000000000000000000e+09,1.000000000000000000e+00,2.000000000000000000e+00,3.000000000000000000e+00,-2.865722999999999843e+01,-1.162500000000000000e+01
3.000000000000000000e+09,1.000000000000000000e+00,2.000000000000000000e+00,3.000000000000000000e+00,-2.419629000000000119e+01,3.945313000000000159e+01
